-7.6502732240437155, -0.6347826086956521
-5.901639344262293, -0.4434782608695653
-3.8032786885245926, -0.22608695652173916
-1.8797814207650276, 0
0.3934426229508219, 0.20869565217391273
2.1420765027322446, 0.4086956521739129
4.0655737704918025, 0.6173913043478261
6.338797814207659, 0.8260869565217392
8.262295081967217, 1.0521739130434784
10.185792349726775, 1.2347826086956522
12.284153005464482, 1.4000000000000001
14.38251366120219, 1.565217391304348
16.306010928961747, 1.565217391304348
18.57923497267759, 1.5043478260869567
20.677595628415297, 1.2260869565217394
